#interpolHermite([1.3,1.6,1.9],[0.6200860,0.4554022,0.2818186],[-0.5220232,-0.5698959,-0.5811571])
x = [0.9, 1.3, 1.9, 2.1, 2.6, 3.0, 3.9, 4.4, 4.7, 5, 6.0, 7.0, 8.0, 9.2, 
      10.5, 11.3, 11.6, 12.0, 12.6, 13.0, 13.3,0.817, 0.897, 1.022, 1.191,
      1.510, 1.834, 2.264, 2.962, 3.624, 4.202, 4.499, 4.779, 5.109, 5.527,
      4.659, 4.865, 5.085, 5.261, 5.387, 5.478, 5.527,4.659, 4.750, 4.990, 
      5.289, 5.560, 5.839, 6.113, 6.606, 6.916, 7.305, 7.563, 7.802, 7.983,
      8.141, 8.473, 8.832, 9.337, 9.887, 10.572, 10.995, 11.501, 11.923, 
      12.364, 12.763, 13.300]

y = [1.3, 1.5, 1.85, 2.1, 2.6, 2.7, 2.4, 2.15, 2.05, 2.1, 2.25, 2.3, 2.25,
      1.95, 1.4, 0.9, 0.7, 0.6, 0.5, 0.4, 0.25, 1.180, 1.065, 1.023, 1.010, 
      1.032, 1.085, 1.192, 1.115, 1.087, 1.100, 0.830, 0.608, 0.350, 0.106, 
      -5.161, -4.741, -3.933, -2.951, -1.970, -0.981, 0.106,-5.161, -5.259, 
      -5.284, -5.268, -5.161, -4.982, -4.769, -4.286, -3.911, -3.213, -2.670,
      -2.176, -1.655, -1.138, -0.434, -0.514, -0.494, -0.382, -0.005, -0.090,
      -0.085, -0.030, 0.093, 0.120, 0.250]

interpolNewton(x,y)
